-1.000000000000000000e+00
-6.816901138162092533e-01
-3.633802276324186176e-01
-4.507034144862775982e-02
2.732395447351627649e-01
5.915494309189535116e-01
9.098593171027444804e-01
9.746478663014962462e-01
9.392801011699638547e-01
9.039123360384316852e-01
8.685445709068994047e-01
8.331768057753670131e-01
7.978090406438347326e-01
7.624412755123024521e-01
7.270735103807702826e-01
6.917057452492378911e-01
6.563379801177056105e-01
6.209702149861732190e-01
5.856024498546410495e-01
5.502346847231086580e-01
5.148669195915763774e-01
4.794991544600440969e-01
4.441313893285117609e-01
4.087636241969794249e-01
3.733958590654470888e-01
3.380280939339149193e-01
3.026603288023825833e-01
2.672925636708502473e-01
2.319247985393179390e-01
1.965570334077856030e-01
1.611892682762534335e-01
1.258215031447210974e-01
9.045373801318877527e-02
5.508597288165644618e-02
1.971820775012411361e-02
-1.564955738140805935e-02
-5.101732251294038845e-02
-8.638508764447272448e-02
-1.217528527760050466e-01
-1.571206179075373688e-01
-1.924883830390695383e-01
-2.278561481706020408e-01
-2.632239133021341826e-01
-2.985916784336664076e-01
-3.339594435651988547e-01
-3.693272086967310242e-01
-4.046949738282635267e-01
-4.400627389597956962e-01
-4.754305040913281988e-01
-5.107982692228603128e-01
-5.461660343543924823e-01
-5.815337994859249848e-01
-6.169015646174571543e-01
-6.522693297489896569e-01
-6.876370948805218264e-01
-7.230048600120539959e-01
-7.583726251435864985e-01
-7.937403902751186680e-01
-8.291081554066511705e-01
-8.644759205381833400e-01
-8.998436856697155095e-01
-9.352114508012480121e-01
-9.705792159327801816e-01
-9.464771704211846215e-01
